     64
 1.515319000000E+00  1.185315000000E+00
 1.495763000000E+00  1.181119000000E+00
 1.327703000000E+00  1.096364000000E+00
 1.289696000000E+00  1.036364000000E+00
 1.243243000000E+00  9.600000000000E-01
 1.205236000000E+00  8.836364000000E-01
 1.163299000000E+00  7.657343000000E-01
 1.145372000000E+00  6.986014000000E-01
 1.129074000000E+00  6.398601000000E-01
 1.111147000000E+00  5.769231000000E-01
 1.096480000000E+00  5.055944000000E-01
 1.081812000000E+00  4.384615000000E-01
 1.072034000000E+00  3.755245000000E-01
 1.060626000000E+00  2.958042000000E-01
 1.055737000000E+00  2.412587000000E-01
 1.052477000000E+00  1.657343000000E-01
 1.045958000000E+00  1.027972000000E-01
 1.044329000000E+00  2.727273000000E-02
 1.042699000000E+00 -4.405594000000E-02
 1.045958000000E+00 -1.027972000000E-01
 1.050847000000E+00 -1.615385000000E-01
 1.057366000000E+00 -2.454545000000E-01
 1.065515000000E+00 -3.125874000000E-01
 1.072034000000E+00 -3.755245000000E-01
 1.083442000000E+00 -4.510490000000E-01
 1.096480000000E+00 -5.097902000000E-01
 1.117666000000E+00 -5.811189000000E-01
 1.140482000000E+00 -6.566434000000E-01
 1.186115000000E+00 -7.195804000000E-01
 1.244785000000E+00 -8.202797000000E-01
 1.267601000000E+00 -8.622378000000E-01
 1.279009000000E+00 -8.874126000000E-01
 1.288787000000E+00 -9.293706000000E-01
 1.288787000000E+00 -9.545455000000E-01
 1.288787000000E+00 -9.713287000000E-01
 1.238266000000E+00 -1.122378000000E+00
 1.238266000000E+00 -1.122378000000E+00
 1.275750000000E+00 -1.105594000000E+00
 1.332790000000E+00 -1.059441000000E+00
 1.466428000000E+00 -1.055245000000E+00
 1.556063000000E+00 -1.176923000000E+00
 1.556063000000E+00 -1.176923000000E+00
 1.650000000000E+00 -9.559850000000E-01
 1.653846000000E+00 -9.419580000000E-01
 1.712516000000E+00 -8.454545000000E-01
 1.754889000000E+00 -8.202797000000E-01
 1.994459000000E+00 -5.055944000000E-01
 2.071056000000E+00 -3.881119000000E-01
 2.134615000000E+00 -2.538462000000E-01
 2.173729000000E+00 -1.405594000000E-01
 2.186767000000E+00 -6.083916000000E-02
 2.203064000000E+00  5.244755000000E-02
 2.206323000000E+00  1.531469000000E-01
 2.193286000000E+00  2.496503000000E-01
 2.175359000000E+00  3.293706000000E-01
 2.110169000000E+00  5.097902000000E-01
 2.040091000000E+00  6.440559000000E-01
 1.970013000000E+00  7.573427000000E-01
 1.877119000000E+00  9.125874000000E-01
 1.807040000000E+00  1.034266000000E+00
 1.780965000000E+00  1.076224000000E+00
 1.714146000000E+00  1.113986000000E+00
 1.650000000000E+00  1.136998000000E+00
 1.515319000000E+00  1.185315000000E+00
