  100
 1.160000000000e+00  1.994527511445e-02
 1.160000000000e+00  5.983582534334e-02
 1.160000000000e+00  9.972637557224e-02
 1.160000000000e+00  1.396169258011e-01
 1.160000000000e+00  1.795074760300e-01
 1.160000000000e+00  2.193980262589e-01
 1.160000000000e+00  2.592885764878e-01
 1.160000000000e+00  2.991791267167e-01
 1.160000000000e+00  3.390696769456e-01
 1.160000000000e+00  3.789602271745e-01
 1.160000000000e+00  4.188507774034e-01
 1.160000000000e+00  4.587413276323e-01
 1.160000000000e+00  4.986318778612e-01
 1.160000000000e+00  5.385224280901e-01
 1.160000000000e+00  5.784129783190e-01
 1.160000000000e+00  6.183035285479e-01
 1.146997069959e+00  6.545116105921e-01
 1.116478390395e+00  6.801975934787e-01
 1.085934002025e+00  7.058548797090e-01
 1.055389613656e+00  7.315121659393e-01
 1.024845225286e+00  7.571694521696e-01
 9.884333003237e-01  7.700000000000e-01
 9.485427500948e-01  7.700000000000e-01
 9.086521998659e-01  7.700000000000e-01
 8.687616496370e-01  7.700000000000e-01
 8.288710994081e-01  7.700000000000e-01
 7.889805491792e-01  7.700000000000e-01
 7.490899989503e-01  7.700000000000e-01
 7.091994487214e-01  7.700000000000e-01
 6.693088984925e-01  7.700000000000e-01
 6.300284928311e-01  7.667460555909e-01
 6.057567578274e-01  7.372543547088e-01
 6.000000000000e-01  6.980846290057e-01
 6.000000000000e-01  6.581940787768e-01
 6.000000000000e-01  6.183035285479e-01
 6.000000000000e-01  5.784129783190e-01
 6.000000000000e-01  5.385224280901e-01
 6.000000000000e-01  4.986318778612e-01
 6.000000000000e-01  4.587413276323e-01
 6.000000000000e-01  4.188507774034e-01
 6.000000000000e-01  3.789602271745e-01
 6.000000000000e-01  3.390696769456e-01
 6.000000000000e-01  2.991791267167e-01
 6.000000000000e-01  2.592885764878e-01
 6.000000000000e-01  2.193980262589e-01
 6.000000000000e-01  1.795074760300e-01
 6.000000000000e-01  1.396169258011e-01
 6.000000000000e-01  9.972637557224e-02
 6.000000000000e-01  5.983582534334e-02
 6.000000000000e-01  1.994527511445e-02
 6.000000000000e-01 -1.994527511445e-02
 6.000000000000e-01 -5.983582534334e-02
 6.000000000000e-01 -9.972637557224e-02
 6.000000000000e-01 -1.396169258011e-01
 6.000000000000e-01 -1.795074760300e-01
 6.000000000000e-01 -2.193980262589e-01
 6.000000000000e-01 -2.592885764878e-01
 6.000000000000e-01 -2.991791267167e-01
 6.000000000000e-01 -3.390696769456e-01
 6.000000000000e-01 -3.789602271745e-01
 6.000000000000e-01 -4.188507774034e-01
 6.000000000000e-01 -4.587413276323e-01
 6.000000000000e-01 -4.986318778612e-01
 6.000000000000e-01 -5.385224280901e-01
 6.000000000000e-01 -5.784129783190e-01
 6.000000000000e-01 -6.183035285479e-01
 6.000000000000e-01 -6.581940787768e-01
 6.000000000000e-01 -6.980846290057e-01
 6.057567578274e-01 -7.372543547088e-01
 6.300284928311e-01 -7.667460555909e-01
 6.693088984925e-01 -7.700000000000e-01
 7.091994487214e-01 -7.700000000000e-01
 7.490899989503e-01 -7.700000000000e-01
 7.889805491792e-01 -7.700000000000e-01
 8.288710994081e-01 -7.700000000000e-01
 8.687616496370e-01 -7.700000000000e-01
 9.086521998659e-01 -7.700000000000e-01
 9.485427500948e-01 -7.700000000000e-01
 9.884333003237e-01 -7.700000000000e-01
 1.024845225286e+00 -7.571694521696e-01
 1.055389613656e+00 -7.315121659393e-01
 1.085934002025e+00 -7.058548797090e-01
 1.116478390395e+00 -6.801975934787e-01
 1.146997069959e+00 -6.545116105921e-01
 1.160000000000e+00 -6.183035285479e-01
 1.160000000000e+00 -5.784129783190e-01
 1.160000000000e+00 -5.385224280901e-01
 1.160000000000e+00 -4.986318778612e-01
 1.160000000000e+00 -4.587413276323e-01
 1.160000000000e+00 -4.188507774034e-01
 1.160000000000e+00 -3.789602271745e-01
 1.160000000000e+00 -3.390696769456e-01
 1.160000000000e+00 -2.991791267167e-01
 1.160000000000e+00 -2.592885764878e-01
 1.160000000000e+00 -2.193980262589e-01
 1.160000000000e+00 -1.795074760300e-01
 1.160000000000e+00 -1.396169258011e-01
 1.160000000000e+00 -9.972637557224e-02
 1.160000000000e+00 -5.983582534334e-02
 1.160000000000e+00 -1.994527511445e-02
